              precision    recall  f1-score   support

           3       0.00      0.00      0.00         2
           4       0.09      0.18      0.12        11
           5       0.69      0.63      0.66       136
           6       0.63      0.54      0.58       128
           7       0.46      0.60      0.52        40
           8       0.11      0.33      0.17         3

    accuracy                           0.57       320
   macro avg       0.33      0.38      0.34       320
weighted avg       0.61      0.57      0.58       320
